# Observable: |M|; window runs replace coarse runs at overlapping temperatures
# Block standard error: 50 contiguous equal-size block averages
# tau_int: 0.5 + sum rho(lag), stopping when lag > 6*tau_int
L	T	mean_abs_M	naive_se	block50_se	block50_over_naive	tau_int
32	1.500000	0.98664064	0.00008964	0.00016752	1.86886931	1.69127062
32	1.600000	0.97932576	0.00011861	0.00022367	1.88577716	1.97214766
32	1.700000	0.97061795	0.00015276	0.00027447	1.79674352	2.29539069
32	1.800000	0.95563555	0.00023016	0.00074881	3.25344515	5.26283954
32	1.900000	0.93863984	0.00026292	0.00086434	3.28751330	5.24846702
32	2.000000	0.91200922	0.00008429	0.00036487	4.32884182	7.94813914
32	2.050000	0.89391000	0.00010430	0.00049715	4.76633724	11.85533814
32	2.100000	0.86872334	0.00015558	0.00128090	8.23322772	60.99398365
32	2.150000	0.83849639	0.00017337	0.00142080	8.19522058	31.87431201
32	2.200000	0.77897586	0.00035263	0.00530852	15.05388027	133.13007406
32	2.250000	0.69847088	0.00049463	0.00892730	18.04839529	193.28050841
32	2.300000	0.56590613	0.00065014	0.01159932	17.84127580	162.10827430
32	2.350000	0.44403289	0.00065676	0.01062775	16.18201202	115.95174399
32	2.400000	0.30139121	0.00059440	0.00723544	12.17274212	75.36816621
32	2.450000	0.24444568	0.00051195	0.00568684	11.10824125	64.92407218
32	2.500000	0.19706369	0.00044769	0.00404902	9.04428000	44.36801334
32	2.550000	0.17145138	0.00039223	0.00342314	8.72744427	34.77211139
32	2.600000	0.15146759	0.00034631	0.00208742	6.02752369	21.69665755
32	2.700000	0.12576679	0.00129670	0.00681232	5.25358597	13.58656216
32	2.800000	0.11033319	0.00113111	0.00407886	3.60608279	7.59702569
32	2.900000	0.09233632	0.00093679	0.00338952	3.61821799	6.31849295
32	3.000000	0.08404101	0.00088632	0.00283556	3.19925871	5.57806195
32	3.100000	0.07607851	0.00083157	0.00268724	3.23153187	4.30186115
32	3.200000	0.07339804	0.00078023	0.00247978	3.17828896	4.50001567
32	3.300000	0.07093085	0.00076461	0.00225280	2.94633522	4.23647178
32	3.400000	0.06141132	0.00065674	0.00143299	2.18196738	2.73102709
32	3.500000	0.06014492	0.00063717	0.00124547	1.95467244	2.23992930
64	1.500000	0.98649767	0.00004435	0.00009599	2.16420707	1.57720731
64	1.600000	0.97939265	0.00005875	0.00011070	1.88417478	1.88248428
64	1.700000	0.97014639	0.00007406	0.00014095	1.90325792	2.13722079
64	1.800000	0.95731212	0.00009959	0.00021583	2.16714585	2.84549783
64	1.900000	0.93826299	0.00013129	0.00036585	2.78651345	4.16538176
64	2.000000	0.91133074	0.00004297	0.00021064	4.90220407	8.24915929
64	2.050000	0.89274908	0.00005312	0.00023629	4.44781788	12.05882386
64	2.100000	0.86899924	0.00006896	0.00043444	6.30006762	19.23245953
64	2.150000	0.83183044	0.00012781	0.00233247	18.24989929	239.18908106
64	2.200000	0.78224188	0.00017261	0.00310274	17.97594812	170.42274606
64	2.250000	0.65846441	0.00048198	0.01461454	30.32175368	562.09347993
64	2.300000	0.42150146	0.00064692	0.02123879	32.83041505	573.34370816
64	2.350000	0.23558874	0.00048833	0.01150215	23.55394508	232.75649539
64	2.400000	0.15321596	0.00035891	0.00654421	18.23334133	148.08575601
64	2.450000	0.11986993	0.00027527	0.00332873	12.09260685	69.23734209
64	2.500000	0.09702166	0.00022439	0.00229768	10.23949673	42.43745627
64	2.550000	0.08419198	0.00020008	0.00168803	8.43686922	35.99406370
64	2.600000	0.07617042	0.00018205	0.00105633	5.80225073	24.90289329
64	2.700000	0.06610381	0.00068550	0.00366922	5.35264236	19.62509069
64	2.800000	0.05428603	0.00060902	0.00281516	4.62243767	10.87543236
64	2.900000	0.04227969	0.00047795	0.00205727	4.30436739	7.76919438
64	3.000000	0.03982519	0.00041657	0.00132838	3.18888066	5.26336820
64	3.100000	0.03963447	0.00040672	0.00107764	2.64957185	4.15689293
64	3.200000	0.03431319	0.00036781	0.00095868	2.60648553	3.60772959
64	3.300000	0.03363643	0.00035189	0.00085605	2.43273191	3.14188574
64	3.400000	0.03200108	0.00034785	0.00080699	2.31990008	3.12576391
64	3.500000	0.03049297	0.00032193	0.00066069	2.05227499	2.30331740
